(0 0),(1 1)
905
(0.9375  0.625),(    1 0.625):(0,-0.0173083)
( 0.875 0.6875),(0.875  0.75):(0,-0.96766)
(0.4375   0.75),( 0.5 0.75):(0,-1.35382)
(0.8125      0),(0.875     0):(-0,0.00582783)
(0.9375  0.625),(0.9375 0.6875):(-0,-1.02399)
(0.375 0.375),(0.4375  0.375):(0,0.427833)
( 0.625 0.1875),(0.6 0.2):(-0,0.0407433)
(   0.5 0.8125),(0.5625  0.875):(0,-0.858227)
(    1 0.625),(     1 0.6875):(-0,-0.941212)
(0.1875    0.5),(0.1875 0.5625):(-0,-0.430531)
(0.75    0),(0.8125      0):(-0,0.0306197)
(0.8125 0.5625),(0.875   0.5):(0,0.248533)
(0.8125 0.4375),( 0.875 0.4375):(0,-0.486245)
(0.625   0.2),(0.6875    0.2):(0,-1.34478e-06)
(0.1875 0.1875),(0.1875   0.25):(0,-0.153294)
(0.5625  0.625),( 0.625 0.6875):(-0,-9.94681)
(0.3125 0.8125),(0.3125    0.8):(-0,0.067802)
(0.4375 0.0625),(   0.5 0.0625):(0,0.251274)
(0.625 0.625),( 0.625 0.6875):(-0,-12.5791)
(0.625  0.75),(0.6875 0.8125):(0,3.24294)
( 0.125 0.6875),(   0.1 0.6875):(0,-1.07489e-08)
(   0.5 0.5625),(0.5625  0.625):(-0,-0.116928)
( 0.5 0.75),(0.5625 0.8125):(-0,-1.48393)
(0.4 0.6),(0.375   0.6):(-0,1.18019e-05)
(0.3125 0.6875),(0.3125   0.75):(0,1.51808e-09)
( 0.5 0.75),(   0.5 0.8125):(-0,-0.102591)
(0.125  0.75),(0.1875 0.6875):(0,-7.62554e-15)
(  0.75 0.5625),(0.8 0.5):(-0,0.162571)
(  0.25 0.1875),(0.25 0.25):(-0,-0.147166)
( 0.625 0.4375),(0.6 0.5):(0,8.88825e-06)
(0.625  0.25),( 0.625 0.3125):(0,8.59569e-07)
(    1 0.375),(     1 0.4375):(-0,-0.350035)
(0.9375 0.3125),(0.9375  0.375):(0,-0.197041)
(     0 0.1875),(0.0625 0.1875):(0,0.0224651)
(0.125  0.25),(0.1875   0.25):(0,0.116123)
(0.8125  0.375),( 0.875 0.4375):(0,-0.533418)
(0.8125  0.375),(0.875 0.375):(0,-0.29776)
(0.1875 0.0625),(0.1875  0.125):(0,-0.0617479)
(0.8125 0.3125),(0.875  0.25):(0,-0.118315)
( 0.875 0.9375),(0.9375 0.9375):(0,0.208668)
(0.8125 0.3125),( 0.875 0.3125):(-0,-0.189237)
(0.9375  0.125),(0.9375 0.1875):(-0,-0.0210731)
(0.1875 0.1875),( 0.25 0.125):(-0,0.2608)
(0.8125  0.125),(0.8125 0.1875):(0,0.0715345)
(0.875 0.125),(0.9375 0.0625):(-0,-0.0204472)
(0.1875    0.5),(  0.25 0.5625):(0,-0.387837)
( 0.875 0.8125),(0.9375 0.8125):(0,0.331994)
(0.8125 0.0625),(0.875 0.125):(-0,0.00974897)
(0.8125 0.0625),(0.8125  0.125):(-0,0.0382701)
(0.625 0.375),( 0.625 0.4375):(0,1.50571e-06)
(   0.5 0.8125),(  0.5 0.875):(0,0.0168634)
( 0.625 0.5625),(0.6875 0.5625):(0,-2.14957)
(0.4375   0.25),(0.4375 0.3125):(-0,-0.127204)
(0.75 0.25),(  0.75 0.3125):(0,7.00825e-09)
(0.5625 0.4375),(0.6 0.5):(-0,0.403389)
( 0.125 0.9375),(0.1875 0.9375):(-0,-0.0760919)
(0.3125 0.8125),(0.375 0.875):(0,-0.621541)
( 0.5 0.25),(0.5625   0.25):(-0,0.446828)
(0.5625  0.375),(0.5625 0.4375):(-0,-0.0509153)
(0.75 0.25),(0.6875    0.2):(0,3.48328e-08)
( 0.625 0.5625),(0.6875    0.5):(-0,-4.68749)
(0 0),(     0 0.0625):(0,-0.0218078)
(0.6875 0.1875),(0.625   0.2):(0,0.0270043)
(0.625 0.125),(0.6875 0.1875):(-0,0.22568)
(0.0625  0.625),(   0.1 0.6875):(-0,-0.0870602)
(0.125     1),(0.1875      1):(-0,-0.0856312)
( 0.875 0.0625),(0.9375 0.0625):(0,-0.00881888)
(0.9375 0.0625),(     1 0.0625):(-0,-0.0041972)
( 0.125 0.4375),(0.1875 0.4375):(-0,0.0866065)
(0.5625 0.1875),(0.625 0.125):(-0,0.0629729)
(0.5625 0.0625),( 0.625 0.0625):(0,0.184023)
(0.0625 0.1875),(0.125  0.25):(0,-0.0873525)
(  0.8 0.375),(   0.8 0.4375):(0,3.68563e-06)
(0.6875  0.875),( 0.75 0.875):(0,0.455659)
(0.4375  0.875),(   0.5 0.8125):(-0,-0.868292)
(0.75 0.25),(0.75  0.2):(0,1.28523e-07)
( 0.125 0.4375),(0.125   0.5):(0,-0.346188)
(0.4375  0.875),(  0.5 0.875):(-0,-0.851429)
( 0.875 0.9375),(0.9375  0.875):(-0,0.405451)
(   0.5 0.9375),(0.5   1):(0,0.0174958)
(0.375  0.75),(0.375   0.8):(0,-9.2705e-07)
(0.4375  0.875),(0.4 0.8):(0,1.30906)
(0.5625 0.1875),(0.5625   0.25):(-0,0.026772)
(0.9375      1),(1 1):(0,0.0668253)
(0.0625 0.4375),( 0.125 0.4375):(0,0.0412913)
(0.5625   0.75),(0.625  0.75):(-0,-3.55123)
( 0.375 0.6875),(0.375  0.75):(0,-2.85123e-06)
(0.9375 0.0625),(    1 0.125):(0,-0.0149804)
(0.3125  0.625),(0.3125 0.6875):(0,9.04137e-08)
(0.0625  0.875),(0.0625 0.9375):(-0,-0.041933)
(0.25    1),(0.3125      1):(0,-0.235909)
(0.625  0.25),(0.6875   0.25):(0,-1.62851e-07)
( 0.125 0.8125),(0.1875    0.8):(0,0.0181843)
(    0 0.875),(0.0625  0.875):(0,-0.00554287)
(0.0625 0.8125),(0.0625  0.875):(-0,-0.0574796)
(0.1875    0.8),(0.25  0.8):(-0,1.45223e-06)
( 0.125 0.8125),(0.1 0.8):(-0,0.0181832)
(0.1875  0.875),( 0.25 0.875):(-0,-0.0880374)
( 0.125 0.8125),(0.125   0.8):(-0,0.0181834)
(0.1875    0.6),(0.25  0.6):(-0,-6.6744e-06)
(0.9375 0.6875),(0.9375   0.75):(0,-0.850249)
(  0 0.5),(0.0625 0.5625):(0,-0.33325)
( 0.25 0.625),(0.25  0.6):(0,-5.15404e-07)
(0.25 0.25),(  0.25 0.3125):(0,-0.20274)
(0.125  0.75),(0.1875    0.8):(0,4.27899e-08)
(0.8125 0.9375),( 0.875 0.9375):(0,0.30951)
(0.1875   0.75),(0.1875    0.8):(0,3.41317e-07)
(0.4375  0.625),(0.4 0.6):(-0,-0.299526)
(0.4375 0.5625),(0.4375  0.625):(0,-0.867544)
(0.4 0.6),(  0.4 0.625):(0,-1.76396e-05)
(0.6875 0.6875),(  0.75 0.6875):(-0,5.45674)
(  0.6 0.375),(   0.6 0.4375):(0,1.33116e-05)
(0.6875    0.2),(0.75  0.2):(-0,-6.67034e-07)
(0.3125 0.5625),( 0.375 0.5625):(0,0.171634)
(0.25    1),(0.3125 0.9375):(0,-0.174049)
(  0.75 0.8125),(0.8125 0.8125):(-0,0.901544)
(0.3125    0.5),(0.3125 0.5625):(0,-0.591011)
(0.3125 0.4375),( 0.375 0.4375):(-0,0.335528)
(0.6875 0.6875),(0.75 0.75):(-0,4.57476)
(   0.5 0.5625),(0.5625 0.5625):(0,1.85165)
(    0 0.875),(0.0625 0.8125):(0,0.0519367)
(0.3125 0.3125),( 0.375 0.3125):(-0,0.305909)
(0.75 0.25),(0.8 0.2):(0,-4.6374e-15)
(  0.75 0.3125),(   0.8 0.3125):(0,3.01029e-09)
( 0.6 0.25),(0.625   0.2):(0,-1.2205e-06)
(  0.25 0.5625),(0.3125    0.5):(0,0.673392)
( 0.375 0.5625),(0.4 0.6):(0,-0.569107)
(0.1875  0.375),(0.1875 0.4375):(0,-0.320118)
(0.875  0.75),(0.9375   0.75):(0,0.356624)
(0.9375 0.6875),(     1 0.6875):(0,0.0654711)
(0.125 0.375),(0.1875  0.375):(0,0.105852)
(   0.5 0.1875),(0.5625 0.1875):(0,0.39792)
(0.9375      0),(1 0):(-0,-0.00238882)
( 0.875 0.1875),(0.9375 0.1875):(0,-0.0554788)
(0.125 0.375),(0.1875 0.4375):(0,-0.214266)
(0.3125    0.6),(0.375   0.6):(0,-1.36024e-05)
(   0.5 0.1875),(0.5625  0.125):(-0,0.251891)
(0.375  0.75),(0.4 0.8):(0,-6.0169e-06)
(0.125  0.75),(0.1 0.8):(0,1.96674e-07)
(0.1875 0.9375),( 0.25 0.875):(-0,-0.00131082)
(0.0625 0.4375),(0.0625    0.5):(-0,-0.314872)
(0.9375 0.8125),(0.9375  0.875):(0,-0.372239)
( 0.375 0.1875),(0.4375 0.1875):(0,0.302624)
(     0 0.4375),(0.0625    0.5):(0,-0.303867)
(0.0625  0.625),(  0.1 0.625):(-0,-0.0870606)
( 0.375 0.9375),(0.4375 0.9375):(0,-0.53028)
(0.5625 0.3125),(  0.6 0.375):(0,0.309936)
(0.9375 0.8125),(   1 0.75):(0,0.704526)
(0.1875   0.25),(0.1875 0.3125):(-0,-0.205153)
( 0.25 0.625),(0.3125  0.625):(0,-1.07001e-06)
(0.9375      0),(     1 0.0625):(0,-0.00477764)
(0.0625 0.3125),(0.125 0.375):(0,-0.187365)
(0.0625 0.3125),(0.0625  0.375):(-0,-0.244943)
(0.0625  0.375),(0.125 0.375):(0,0.057578)
(0.4375 0.1875),(  0.5 0.125):(-0,0.315461)
(   0 0.25),(0.0625   0.25):(0,0.0222843)
(0.0625   0.25),(0.0625 0.3125):(0,-0.200799)
( 0.875 0.6875),(0.9375 0.6875):(0,0.239214)
( 0.125 0.5625),(0.1 0.6):(-0,-0.258898)
(   0.5 0.0625),(0.5625      0):(-0,0.212512)
(  0 0.5),(     0 0.5625):(-0,-0.291264)
(0.375 0.125),(0.4375 0.1875):(0,0.238241)
(     0 0.6875),(0.0625   0.75):(0,-0.0493409)
(0.4375 0.8125),(0.4375  0.875):(-0,-0.393592)
(0.375 0.125),( 0.375 0.1875):(0,-0.0643827)
(0.25    0),(0.3125      0):(-0,0.185182)
(0.3125      0),(0.3125 0.0625):(-0,-0.015261)
(0.9375  0.125),(    1 0.125):(0,-0.00977832)
( 0.125 0.0625),(0.1875 0.0625):(-0,0.108645)
( 0.375 0.0625),(0.375 0.125):(-0,-0.0329508)
(0.1875 0.1875),(  0.25 0.1875):(-0,0.161854)
(0.875 0.625),(0.9375 0.6875):(0,-1.09537)
(   0.5 0.0625),(0.5625 0.0625):(0,0.234757)
(0.1875 0.3125),(0.1875  0.375):(0,-0.261148)
(0.375 0.125),(0.4375  0.125):(0,0.267172)
(0.3125 0.0625),(0.375 0.125):(-0,0.187954)
(   1 0.25),(     1 0.3125):(-0,-0.128368)
(0.6875  0.625),(0.6875 0.6875):(0,-13.8177)
(0.125 0.625),(  0.1 0.625):(0,-5.3861e-08)
(0.3125 0.0625),(0.3125  0.125):(0,-0.0477864)
(0.9375  0.375),(     1 0.4375):(0,-0.415991)
(  0.1 0.625),(   0.1 0.6875):(0,4.51117e-07)
(  0.25 0.1875),(0.3125 0.1875):(0,0.210073)
(0.9375      1),(     1 0.9375):(0,0.133651)
(0.4375   0.25),(   0.5 0.1875):(0,0.417553)
(  0.25 0.0625),(0.3125  0.125):(0,0.140592)
(0 1),(0.0625      1):(0,-0.0133111)
(  0.25 0.0625),( 0.25 0.125):(-0,-0.0567345)
(0.6 0.5),(   0.6 0.4375):(0,-1.88073e-05)
(  0.5 0.125),(0.5625 0.0625):(0,0.209073)
( 0.125 0.3125),(0.1875 0.3125):(-0,0.114401)
(0.8125    0.5),( 0.875 0.4375):(0,-0.336079)
(0.875     1),(0.9375      1):(0,0.188591)
(    0 0.125),(0.0625 0.1875):(0,-0.0876417)
(0.375   0.5),(0.4375 0.5625):(0,-0.129064)
(0.125  0.25),(0.1875 0.1875):(0,0.269418)
(    0 0.625),(     0 0.6875):(-0,-0.0920877)
(0.25  0.5),(0.3125 0.4375):(-0,0.643456)
( 0.625 0.5625),(0.625 0.625):(-0,-4.03307)
(     1 0.5625),(    1 0.625):(-0,-0.906596)
(0.375  0.25),(0.4375   0.25):(-0,0.340143)
(     0 0.6875),(0.0625  0.625):(-0,0.0344854)
(0.375 0.125),(0.4375 0.0625):(-0,0.276745)
(  0.75 0.9375),(0.8125  0.875):(0,0.357931)
(  0.25 0.4375),(0.25  0.5):(-0,-0.418801)
(    0 0.625),(0.0625  0.625):(0,-0.0576023)
( 0.375 0.1875),(0.4375   0.25):(-0,0.230694)
(0.9375 0.9375),(0.9375      1):(-0,-0.0608829)
(     1 0.8125),(    1 0.875):(0,-0.389052)
(  0.25 0.8125),(0.25  0.8):(-0,0.0412538)
( 0.25 0.625),(0.1875    0.6):(0,2.92207e-06)
(0.9375  0.875),(    1 0.875):(0,0.0883455)
( 0.625 0.3125),(   0.6 0.3125):(-0,5.0914e-07)
(0.8125 0.8125),( 0.875 0.8125):(0,0.602394)
( 0.625 0.9375),(0.6875      1):(0,0.0566478)
(    0 0.875),(     0 0.9375):(0,-0.0360876)
(0.6875 0.9375),(0.6875      1):(-0,0.121662)
(0.0625 0.5625),(0.0625  0.625):(-0,-0.222909)
(0.5625  0.875),( 0.625 0.9375):(0,-0.136848)
(0.6875  0.375),(0.6875 0.4375):(0,2.75456e-07)
(0.625  0.25),(0.625   0.2):(0,-2.66053e-07)
(0.0625 0.9375),( 0.125 0.9375):(-0,-0.0380872)
( 0.625 0.8125),(0.6875  0.875):(0,1.21232)
(0.0625   0.75),(0.1 0.8):(0,-0.00323344)
(0.875  0.25),(0.9375 0.3125):(0,-0.199381)
( 0.75 0.875),(  0.75 0.9375):(-0,0.171163)
(0.0625 0.8125),(0.1 0.8):(0,0.0257517)
(0.625 0.875),(0.6875  0.875):(-0,0.0329855)
(0.8 0.5),(   0.8 0.4375):(0,-1.50583e-05)
( 0.625 0.8125),(0.625 0.875):(0,1.17933)
(0.125 0.375),( 0.125 0.4375):(-0,-0.300873)
(0.9375  0.375),(0.9375 0.4375):(0,-0.324886)
(    0 0.125),(0.0625  0.125):(0,0.0222206)
(0.75 0.75),(  0.75 0.8125):(0,0.105655)
( 0.375 0.6875),(   0.4 0.6875):(0,6.02891e-07)
(0.6875 0.8125),(  0.75 0.8125):(0,1.04048)
(0.5625  0.125),(0.625 0.125):(0,0.209002)
(   0.5 0.8125),(0.5625 0.8125):(-0,-1.38134)
(0.6875    0.5),(0.75  0.5):(-0,-1.43117e-05)
(0.875 0.625),(0.9375  0.625):(0,-0.0713766)
(0.125 0.625),(0.125   0.6):(0,-6.06613e-07)
( 0.125 0.1875),(0.125  0.25):(0,-0.155173)
( 0.75 0.625),(0.8125  0.625):(0,-0.842767)
( 0.75 0.625),(0.8125 0.6875):(0,-3.01157)
(0.8125 0.5625),( 0.875 0.5625):(-0,-0.604333)
( 0.875 0.5625),(0.875 0.625):(0,-1.17787)
(0.0625 0.9375),(0.0625      1):(0,-0.015234)
(0.1 0.6),(  0.1 0.625):(0,7.57978e-07)
(0.875   0.5),(0.9375    0.5):(0,-0.360962)
( 0.875 0.4375),(0.9375    0.5):(0,-0.799838)
(0.3125    0.8),(0.375   0.8):(0,4.06801e-06)
( 0.875 0.4375),(0.875   0.5):(0,-0.438876)
(0.1875   0.75),(0.25 0.75):(0,1.63516e-07)
(   0.5 0.9375),(0.5625      1):(0,-0.535916)
(  0.75 0.4375),(  0.8 0.375):(0,-2.68729e-07)
(0.6875 0.9375),(  0.75 0.9375):(0,0.220073)
(0.5625  0.625),(0.625 0.625):(-0,2.63231)
(0.4375      0),(   0.5 0.0625):(0,0.24918)
(0.4375 0.6875),(0.4375   0.75):(-0,-0.352399)
(0.5625 0.1875),( 0.625 0.1875):(-0,0.274918)
(0.4375 0.6875),( 0.4 0.75):(0,0.368559)
(0.25 0.75),(0.3125   0.75):(0,1.32672e-08)
(0.5625    0.5),(0.5625 0.5625):(-0,0.393507)
(0.5625 0.5625),(0.6 0.5):(-0,0.00930416)
(     1 0.3125),(    1 0.375):(-0,-0.218121)
(0.875 0.375),(0.9375  0.375):(0,-0.193801)
(0.1875      0),(0.1875 0.0625):(0,-0.0202914)
(   0.8 0.3125),(  0.8 0.375):(0,2.16969e-06)
( 0.875 0.4375),(0.9375  0.375):(0,0.0418573)
(0.8125 0.3125),(0.8125  0.375):(0,-0.0231764)
(0.3125 0.3125),(0.375 0.375):(0,0.0632779)
( 0.25 0.625),(  0.25 0.6875):(0,-5.64827e-21)
(0.0625  0.375),(0.0625 0.4375):(-0,-0.284586)
(0.9375 0.3125),(     1 0.3125):(0,-0.0448769)
(0.5625 0.4375),(0.5625    0.5):(0,0.000577682)
(0.125     1),(0.1875 0.9375):(0,-0.0551659)
(0.3125 0.8125),( 0.375 0.8125):(-0,-0.0428037)
(0.6875      0),(  0.75 0.0625):(-0,0.087682)
(0.6875 0.0625),(  0.75 0.0625):(0,0.0624957)
(0.5 0.5),(0.5625 0.5625):(0,1.3792)
(0.125   0.8),(0.1875    0.8):(0,8.10761e-07)
(   0.5 0.9375),(0.5625  0.875):(-0,-0.915615)
(  0.75 0.1875),(0.75  0.2):(-0,0.0205181)
(0.8125  0.125),( 0.875 0.1875):(0,-0.0197647)
(0.6875 0.1875),(  0.75 0.1875):(0,0.00648409)
(0.6875 0.1875),(0.75  0.2):(0,0.0270022)
(0.8125 0.0625),( 0.875 0.0625):(-0,-0.00187933)
(0.6875 0.3125),(0.75 0.25):(0,4.18853e-15)
(0.125   0.5),(0.1875    0.5):(0,0.0538847)
(0.625 0.125),(0.6875  0.125):(-0,0.0950161)
(0.625  0.25),( 0.6 0.25):(0,2.29097e-07)
(0.6875 0.8125),(0.75 0.75):(0,0.934827)
(  0.5 0.375),(0.5625 0.3125):(0,0.623181)
(0.6875   0.25),(0.75 0.25):(0,-9.31375e-08)
( 0.375 0.5625),(0.3125    0.6):(0,-0.569082)
( 0.625 0.3125),(0.625 0.375):(0,1.15722e-06)
( 0.625 0.3125),(  0.6 0.375):(0,4.14325e-06)
(0.625 0.375),(  0.6 0.375):(0,1.32425e-07)
(   0.5 0.3125),(0.5625 0.3125):(0,0.499354)
(0.4375 0.3125),(  0.5 0.375):(-0,0.325247)
(   0.5 0.3125),(  0.5 0.375):(-0,-0.123827)
(0.5625      0),(0.625     0):(-0,0.17719)
(0.1875 0.9375),(  0.25 0.9375):(0,-0.132353)
( 0.375 0.5625),(0.375   0.6):(0,-0.569095)
(0.625   0.5),(0.6 0.5):(0,-7.70974e-06)
(  0.75 0.1875),(0.8125 0.1875):(-0,-0.0186854)
( 0.625 0.9375),(0.6875 0.9375):(0,-0.0650143)
(   0.5 0.1875),( 0.5 0.25):(-0,-0.0221359)
(0.375 0.875),(0.4 0.8):(-0,0.689351)
(0.9375  0.875),(     1 0.8125):(0,0.477397)
( 0.375 0.8125),(0.4 0.8):(0,0.110614)
(     1 0.1875),(   1 0.25):(-0,-0.0684302)
(     1 0.9375),(1 1):(0,-0.0668253)
(0.25  0.5),(  0.25 0.5625):(-0,-0.493343)
(0.3125  0.625),(0.3125    0.6):(0,-1.37429e-07)
( 0.375 0.9375),(0.4375      1):(0,-0.573408)
(0.8125 0.1875),( 0.875 0.1875):(-0,-0.0912992)
(0.3125 0.9375),( 0.375 0.9375):(0,-0.350229)
(0.3125 0.4375),(0.3125    0.5):(0,-0.463408)
( 0.875 0.0625),(0.875 0.125):(-0,0.0116283)
(0.3125 0.1875),(0.375  0.25):(0,0.148108)
(0.0625 0.6875),(0.0625   0.75):(-0,-0.0260184)
(0.75    0),(  0.75 0.0625):(0,0.0190208)
(0.1875 0.6875),(0.1875   0.75):(0,1.85993e-08)
(0.0625  0.875),( 0.125 0.9375):(0,-0.0800202)
( 0.25 0.625),(0.3125    0.6):(0,-3.8197e-06)
(0.5625  0.375),(  0.6 0.375):(0,0.352442)
(0.5625  0.625),( 0.625 0.5625):(0,6.66538)
(0.375   0.5),( 0.375 0.5625):(-0,-0.727028)
(0.375 0.375),(0.4375 0.3125):(-0,0.623371)
(0.1875  0.625),( 0.25 0.625):(0,-7.75235e-07)
(  0.5 0.875),(0.5625  0.875):(-0,-0.87509)
( 0.125 0.5625),(0.1875    0.5):(-0,0.443981)
(0.5625      0),(0.5625 0.0625):(0,0.0222448)
( 0.375 0.3125),(0.375 0.375):(0,-0.242631)
(0.3125    0.5),( 0.375 0.5625):(-0,-0.419376)
(0.125 0.625),(   0.1 0.6875):(0,2.06299e-07)
(0.8125   0.25),(0.8125 0.3125):(0,-0.0114637)
(0.0625  0.125),( 0.125 0.0625):(-0,0.13099)
(0.0625 0.3125),(0.125  0.25):(0,0.268665)
(   0.4 0.6875),( 0.4 0.75):(-0,-2.10486e-05)
(0.8125  0.375),(0.8125 0.4375):(-0,-0.047173)
(0.375 0.375),( 0.375 0.4375):(-0,-0.343735)
(0.0625      0),(0.125     0):(0,0.0651812)
(0.1875 0.9375),(0.25    1):(0,-0.177027)
(0.3125 0.6875),( 0.375 0.6875):(0,1.32992e-07)
(0.25 0.25),(0.3125   0.25):(0,0.223556)
(0.9375 0.1875),(    1 0.125):(-0,0.0112947)
( 0.25 0.125),(  0.25 0.1875):(0,-0.0989462)
(0.25 0.25),(0.3125 0.3125):(-0,0.0316371)
(0.3125      1),(0.375     1):(-0,-0.359629)
(0.3125   0.25),(0.3125 0.3125):(-0,-0.191919)
(0.1875 0.3125),(0.25 0.25):(0,0.373135)
(0.125 0.875),(0.1875 0.8125):(-0,0.0781717)
(0.3125  0.125),(0.375 0.125):(0,0.23574)
(0.4375  0.875),(0.4375 0.9375):(-0,-0.161876)
(  0.75 0.1875),(0.8 0.2):(-0,0.020518)
(0.125   0.5),( 0.125 0.5625):(0,-0.390097)
(0.125 0.875),( 0.125 0.9375):(-0,-0.0589307)
(     0 0.9375),(0 1):(0,-0.0133111)
(0.3125 0.8125),(0.375   0.8):(-0,0.0678061)
(0.6875 0.4375),(0.6875    0.5):(0,-3.83482e-06)
( 0.25 0.125),(0.3125  0.125):(-0,0.197327)
(0.0625      0),( 0.125 0.0625):(0,0.0439294)
(0.1875  0.625),(0.1875 0.6875):(0,6.93646e-08)
(0.4 0.8),(0.375   0.8):(0,-3.89826e-06)
(0.125 0.625),(0.1875 0.6875):(0,4.71251e-14)
( 0.25 0.375),(0.3125 0.3125):(-0,0.501097)
(0.6 0.2),(0.625   0.2):(0,-3.64764e-06)
(   0.5 0.9375),(0.5625 0.9375):(0,-0.625998)
(0.8125 0.6875),(0.875  0.75):(-0,-0.361524)
(0.8125   0.25),(   0.8 0.3125):(0,0.0277893)
(0.875 0.875),( 0.875 0.9375):(0,-0.141649)
( 0.875 0.4375),(0.9375 0.4375):(-0,-0.283029)
(   0 0.25),(0.0625 0.1875):(-0,0.177502)
(0.8125  0.875),( 0.875 0.8125):(0,0.730245)
(0.875  0.25),(0.9375 0.1875):(0,-0.0284147)
(0.0625      0),(0.0625 0.0625):(0,-0.0216867)
(0.3125  0.375),(0.375 0.375):(-0,0.326729)
(0.9375 0.4375),(0.9375    0.5):(-0,-0.516809)
(0.3125   0.75),(0.375  0.75):(0,1.93395e-08)
(     0 0.4375),(0.0625 0.4375):(0,0.011005)
(0.1875 0.0625),(  0.25 0.0625):(0,0.150102)
(   0.6 0.3125),(  0.6 0.375):(-0,1.09276e-05)
(0.1875  0.125),(  0.25 0.0625):(-0,0.21185)
( 0.125 0.1875),(0.1875 0.1875):(0,0.114244)
(0.1875  0.125),(0.1875 0.1875):(0,-0.105685)
( 0.375 0.4375),(0.4375 0.4375):(0,0.483078)
(  0.75 0.3125),( 0.75 0.375):(0,1.02803e-08)
(0.375     0),(0.4375      0):(-0,0.235826)
( 0.125 0.1875),(0.1875  0.125):(-0,0.219929)
(     0 0.0625),(0.0625  0.125):(0,-0.043445)
(0.5 0.5),(   0.5 0.5625):(-0,-0.472451)
(0.4375 0.0625),(  0.5 0.125):(0,0.276957)
(0.8125 0.5625),(0.8 0.5):(0,1.28328)
(0.3125 0.1875),(0.3125   0.25):(0,-0.133683)
(0.4375 0.3125),(0.4375  0.375):(-0,-0.195538)
(0.9375   0.75),(0.9375 0.8125):(-0,-0.599075)
(     0 0.3125),(0.0625  0.375):(0,-0.223852)
(0.125  0.75),( 0.1 0.75):(0,-1.38256e-08)
(  0 0.5),(0.0625    0.5):(0,-0.00420101)
( 0.375 0.3125),(0.4375 0.3125):(0,0.38074)
(  0.75 0.4375),(   0.8 0.4375):(0,-8.82674e-07)
( 0.125 0.5625),(0.1875 0.5625):(0,0.0134502)
(0.3125   0.25),(0.375  0.25):(-0,0.281791)
( 0.75 0.875),(0.8125  0.875):(-0,0.529094)
(0.0625    0.5),(0.0625 0.5625):(0,-0.329049)
(0.6875 0.6875),( 0.75 0.625):(0,10.1319)
(0.125 0.375),(0.1875 0.3125):(-0,0.367)
(0.3125 0.4375),(0.375 0.375):(-0,0.679263)
(0.875  0.75),( 0.875 0.8125):(0,-0.574445)
(0.25  0.6),(0.3125    0.6):(-0,-1.01325e-05)
(0.625     0),(0.6875      0):(-0,0.119034)
(  0.5 0.375),(   0.5 0.4375):(-0,-0.183718)
(   0.5 0.4375),(0.5625 0.4375):(0,0.713478)
(0.125 0.625),(0.1875    0.6):(0,-1.74564e-06)
(0.0625  0.625),(0.0625 0.6875):(-0,-0.0578078)
(0.8125 0.5625),(0.8125  0.625):(-0,-1.55412)
(0.5625 0.6875),( 0.625 0.6875):(0,-4.60041)
(   0 0.25),(0.0625 0.3125):(0,-0.178515)
(0.1875 0.8125),(  0.25 0.8125):(0,-0.0151024)
(     0 0.5625),(0.0625 0.5625):(-0,-0.0419859)
(0.1875  0.625),(0.1875    0.6):(0,-1.05434e-07)
(0.0625 0.6875),(   0.1 0.6875):(-0,-0.0292524)
(0.3125 0.5625),(0.3125    0.6):(0,-0.397448)
(0.4375  0.875),(   0.5 0.9375):(-0,-0.810904)
( 0.125 0.0625),(0.125 0.125):(-0,-0.064281)
(0.0625   0.75),(0.0625 0.8125):(-0,-0.0289851)
(0.1875 0.3125),( 0.25 0.375):(-0,-0.0963248)
(0.125   0.6),(0.1875    0.6):(-0,-5.03557e-06)
(  0.25 0.6875),(0.25 0.75):(0,1.62427e-21)
(    0 0.875),(0.0625 0.9375):(-0,-0.0474758)
(  0.25 0.8125),(0.3125 0.8125):(-0,-0.0265458)
(  0.25 0.9375),(0.25    1):(0,-0.0446736)
(  0.25 0.5625),(0.3125    0.6):(0,-0.315066)
(0.3125 0.8125),(0.3125  0.875):(-0,-0.329255)
(0.3125  0.625),(0.375 0.625):(0,-1.43167e-06)
(0.75  0.5),(0.8 0.5):(0,-1.72262e-05)
(0.6875 0.5625),(  0.75 0.5625):(-0,-2.70052)
( 0.8 0.25),(   0.8 0.3125):(-0,1.17083e-06)
(0.875 0.125),( 0.875 0.1875):(-0,0.00875643)
(0.5625   0.75),(0.5625 0.8125):(-0,0.606631)
(0.875  0.25),(0.9375   0.25):(-0,-0.0859214)
( 0.625 0.8125),(0.6875 0.8125):(0,0.382895)
(0.6875  0.375),( 0.75 0.375):(0,-7.42519e-08)
( 0.125 0.8125),(0.1875 0.8125):(-0,-0.00796571)
(0.5625      1),( 0.625 0.9375):(0,-0.516546)
(0.4375  0.375),(0.4375 0.4375):(-0,-0.28849)
(0.4375  0.625),(0.4375 0.6875):(0,-0.668149)
(0.5625  0.625),(0.5625 0.6875):(0,-5.3464)
(0.4375 0.8125),(0.4 0.8):(-0,0.915473)
(0.6875  0.125),( 0.75 0.125):(-0,0.0421848)
(0.4375   0.75),(   0.5 0.6875):(-0,-0.5145)
(  0.25 0.8125),(0.3125  0.875):(0,-0.355801)
( 0.125 0.0625),(0.1875      0):(-0,0.128937)
(0.1875      1),(0.25    1):(-0,-0.146562)
(  0.75 0.9375),(0.8125      1):(0,0.33147)
(0.4375 0.4375),(  0.5 0.375):(-0,0.809275)
(     0 0.6875),(0.0625 0.6875):(0,-0.0233224)
(0.75  0.5),(  0.75 0.5625):(0,-0.162588)
(0.8125 0.8125),(0.875  0.75):(-0,1.17684)
(0.1875   0.25),(0.25 0.25):(0,0.167982)
(0.875     0),( 0.875 0.0625):(-0,0.00468876)
(0.3125 0.1875),( 0.375 0.1875):(-0,0.257557)
(0.5625    0.5),(0.6 0.5):(-0,0.402811)
(0.3125  0.875),(0.375 0.875):(0,-0.292286)
( 0.75 0.125),(  0.75 0.1875):(0,0.0949632)
(0.1875  0.125),( 0.25 0.125):(0,0.155115)
(0.6875      1),(  0.75 0.9375):(0,0.0984105)
(0.4375  0.625),(   0.5 0.6875):(-0,-1.53505)
(0.3125      1),( 0.375 0.9375):(-0,-0.288369)
(0.9375 0.8125),(     1 0.8125):(0,0.105158)
(0.5625  0.875),(0.5625 0.9375):(-0,0.289617)
(0.5625 0.8125),(0.625  0.75):(-0,-4.15786)
(0.25    0),(0.3125 0.0625):(0,0.169921)
(0.1875  0.875),(0.1875 0.9375):(-0,-0.0867266)
(   1 0.75),(     1 0.8125):(0,-0.599368)
(0.6875   0.25),(0.6875 0.3125):(0,2.62735e-08)
(0.8125   0.25),(0.875  0.25):(-0,-0.129779)
(0.9375 0.3125),(   1 0.25):(0,0.0834907)
( 0.375 0.8125),(0.375   0.8):(-0,0.11061)
(0.8125  0.625),(0.875 0.625):(-0,-0.228085)
( 0.5 0.75),(0.5625 0.6875):(-0,-1.23652)
(    0 0.125),(     0 0.1875):(-0,-0.110107)
(  0.5 0.375),(0.5625  0.375):(-0,0.580675)
(0.8125 0.0625),(0.875     0):(-0,-0.00656809)
(0.125  0.25),(0.1875 0.3125):(0,-0.0890298)
( 0.375 0.5625),(0.4375 0.5625):(0,0.597963)
(     0 0.3125),(    0 0.375):(-0,-0.241787)
(0.4375      0),(0.4375 0.0625):(0,-0.00209337)
(0.6 0.2),( 0.6 0.25):(0,7.67901e-06)
(0.4375 0.6875),(   0.4 0.6875):(-0,0.36858)
(0.875 0.625),( 0.875 0.6875):(0,-1.33458)
(0.8125  0.375),(  0.8 0.375):(-0,0.0624315)
(0.1 0.8),( 0.1 0.75):(0,-2.41137e-07)
(0.75 0.75),(0.8125   0.75):(-0,1.4342)
( 0.25 0.125),(0.3125 0.1875):(0,0.111127)
(  0.75 0.9375),(0.75    1):(-0,0.0582649)
(0.75    1),(0.8125      1):(-0,0.273205)
(  0.25 0.3125),( 0.25 0.375):(-0,-0.266721)
(0.1875 0.8125),(0.1875  0.875):(-0,-0.126468)
(0.875  0.25),( 0.875 0.3125):(0,-0.0709216)
(     0 0.3125),(0.0625 0.3125):(-0,0.0210905)
(0.125 0.125),(0.1875  0.125):(-0,0.111178)
(0.9375 0.9375),(     1 0.9375):(-0,0.0727677)
(0.5   0),(   0.5 0.0625):(-0,0.00916701)
(0.8125 0.4375),(  0.8 0.375):(0,0.109605)
(     0 0.4375),(0.0625  0.375):(0,0.295591)
(   0.5 0.5625),(  0.5 0.625):(-0,-1.33921)
(0.125  0.75),(0.125   0.8):(0,1.68697e-07)
(0.25 0.75),(0.3125 0.6875):(0,-1.46603e-15)
(0.6875  0.875),(0.6875 0.9375):(-0,0.406749)
(0.3125 0.6875),(0.375 0.625):(0,-1.37094e-13)
( 0.625 0.4375),(0.6875 0.4375):(0,-1.02757e-06)
(     1 0.6875),(   1 0.75):(-0,-0.81027)
(0.6875      1),(0.75    1):(0,0.156675)
(0.8125  0.875),( 0.875 0.9375):(0,0.28455)
(0.6875   0.25),(0.625   0.2):(0,1.60178e-07)
( 0.125 0.5625),(0.125   0.6):(0,-0.2589)
( 0.75 0.125),(0.8125  0.125):(-0,0.00474329)
( 0.375 0.9375),(0.375     1):(0,-0.0712597)
(0.8125 0.4375),(0.8125    0.5):(0,-0.150166)
(   0 0.75),(0.0625 0.8125):(0,-0.0328832)
(0.3125 0.0625),( 0.375 0.0625):(0,0.220904)
(0.8125    0.5),(   0.8 0.4375):(0,0.259775)
(0.4375  0.625),(  0.5 0.625):(-0,0.513224)
(0.9375   0.75),(   1 0.75):(0,0.105451)
(0.8125 0.1875),(0.8125   0.25):(-0,0.0114157)
(0.4375 0.1875),(   0.5 0.1875):(-0,0.345623)
(0.3125  0.125),(0.3125 0.1875):(0,-0.0861997)
( 0.875 0.5625),(0.9375 0.5625):(0,-0.279327)
(     0 0.6875),(   0 0.75):(-0,-0.0454428)
( 0.125 0.6875),(0.125  0.75):(0,2.57655e-08)
(0.1875 0.4375),(0.25  0.5):(0,-0.273403)
(0.125     0),(0.1875      0):(-0,0.107685)
(  0.75 0.5625),(0.8125 0.5625):(-0,-1.12071)
(0.625     1),(0.6875      1):(-0,-0.0866507)
(0.9375    0.5),(0.9375 0.5625):(0,-0.771231)
(0.0625  0.125),(0.0625 0.1875):(-0,-0.109862)
(0.875 0.625),(0.9375 0.5625):(0,0.898546)
(0.1875    0.5),(0.25  0.5):(0,0.105506)
(  0.75 0.8125),(0.8125  0.875):(0,0.773692)
( 0.625 0.4375),(0.625   0.5):(0,-1.39412e-06)
(0.5625 0.3125),(   0.6 0.3125):(-0,0.309925)
( 0.125 0.8125),(0.125 0.875):(-0,-0.0861375)
( 0.625 0.3125),(0.6875 0.3125):(0,-1.19564e-08)
(0.6875 0.8125),(0.6875  0.875):(-0,0.829421)
(0.6875      0),(0.75    0):(-0,0.0686612)
( 0.625 0.3125),(0.6875   0.25):(0,3.63706e-14)
(0.8125      0),(0.8125 0.0625):(0,0.0123959)
(  0.75 0.0625),( 0.75 0.125):(0,0.0575216)
(0.4375 0.6875),(   0.5 0.6875):(-0,-0.866899)
(0.4375 0.4375),(   0.5 0.4375):(-0,0.625556)
(0.5625 0.6875),(0.5625   0.75):(0,-0.854038)
( 0.375 0.6875),(  0.4 0.625):(0,9.31614e-06)
(0.6875 0.3125),( 0.75 0.375):(0,2.87629e-15)
(0.9375 0.0625),(0.9375  0.125):(0,-0.0052021)
(0.9375 0.1875),(   1 0.25):(0,-0.0874753)
(0.25 0.25),(0.3125 0.1875):(0,0.357239)
(0.875 0.125),(0.9375  0.125):(-0,-0.0256493)
(0.375  0.75),(0.3125    0.8):(0,-3.47475e-07)
(0.125 0.875),(0.1 0.8):(-0,0.104321)
(0.0625   0.25),(0.125  0.25):(0,0.0678656)
(0.1875 0.8125),( 0.25 0.875):(0,-0.214505)
(0.9375 0.5625),(0.9375  0.625):(0,-0.969923)
(0.8125    0.5),(0.8 0.5):(0,0.25979)
(  0.5 0.375),(0.5625 0.4375):(-0,0.52976)
(0.9375 0.5625),(     1 0.5625):(-0,-0.0806352)
(0.6875 0.5625),(0.75  0.5):(0,-2.53793)
(0.8125   0.25),( 0.8 0.25):(-0,0.0277881)
(   0.5 0.4375),(0.5 0.5):(0,-0.27164)
(0.8125 0.1875),(0.8 0.2):(-0,0.0392034)
(0.1875 0.6875),(  0.25 0.6875):(0,-1.62277e-21)
( 0.75 0.375),(  0.8 0.375):(0,-4.98859e-07)
(0.4375  0.625),(  0.4 0.625):(0,-0.299544)
(0.3125 0.3125),(0.375  0.25):(-0,0.47371)
(0.8125    0.5),(0.8125 0.5625):(0,-1.02349)
(    1 0.875),(     1 0.9375):(-0,-0.212361)
(0.875  0.75),(0.9375 0.8125):(0,-0.242451)
(0.4375 0.9375),(   0.5 0.9375):(-0,-0.649028)
(0.4375      1),(   0.5 0.9375):(0,-0.6059)
(  0.25 0.5625),(0.25  0.6):(-0,-0.315056)
(0.6875 0.3125),(0.6875  0.375):(0,-2.15521e-08)
(0.3125  0.875),( 0.375 0.9375):(0,-0.543596)
(0.0625  0.875),(0.1 0.8):(0,0.0832312)
(0.375  0.25),( 0.375 0.3125):(-0,-0.167801)
(0.625 0.375),(0.6875  0.375):(0,-8.71217e-08)
(  0.75 0.9375),(0.8125 0.9375):(0,0.33297)
( 0.125 0.6875),(0.1875 0.6875):(0,7.07161e-09)
(0.8125      1),( 0.875 0.9375):(-0,0.311011)
(0.4375  0.125),(0.4375 0.1875):(-0,-0.0289311)
( 0.25 0.375),(  0.25 0.4375):(0,-0.339543)
(0.5625  0.125),(0.5625 0.1875):(-0,0.146029)
(0.6875 0.8125),( 0.75 0.875):(0,1.28508)
(0.375 0.375),(0.4375 0.4375):(-0,0.139343)
( 0.125 0.3125),(0.125 0.375):(0,-0.252599)
(     0 0.9375),(0.0625 0.9375):(-0,-0.0113882)
( 0.625 0.0625),(0.625 0.125):(-0,0.0979585)
(0.5   0),(0.5625      0):(0,0.221679)
(0.5625 0.9375),(0.5625      1):(-0,0.090082)
(0.75 0.75),(0.8125 0.8125):(0,1.0072)
(0 1),(0.0625 0.9375):(0,0.00192289)
(0.625 0.125),( 0.625 0.1875):(-0,0.211945)
(0.9375    0.5),(  1 0.5):(0,-0.10654)
(0.0625 0.1875),( 0.125 0.1875):(0,0.067821)
(   0 0.75),(     0 0.8125):(-0,-0.0376466)
(0.5625 0.0625),(0.625 0.125):(0,0.281981)
(     0 0.5625),(    0 0.625):(-0,-0.207292)
(0.5   1),(0.5625      1):(-0,-0.553412)
(0.8125 0.1875),(0.875  0.25):(0,-0.118363)
(0.625  0.75),( 0.625 0.8125):(-0,2.86004)
(0.9375 0.5625),(    1 0.625):(0,-0.987231)
(     0 0.0625),(0.0625      0):(-0,0.0436156)
(  0.75 0.4375),(0.75  0.5):(0,2.23453e-07)
(0.0625 0.1875),(0.0625   0.25):(-0,-0.155218)
(  0.75 0.6875),(0.8125 0.6875):(-0,1.66358)
(0.875   0.5),(0.9375 0.5625):(0,-1.13219)
(  0.5 0.125),(   0.5 0.1875):(0,0.0301615)
( 0.125 0.9375),(0.125     1):(-0,-0.020926)
(0 0),(0.0625      0):(0,0.0218078)
(0.8125   0.75),(0.875  0.75):(-0,0.749838)
( 0.125 0.5625),(0.1875    0.6):(0,-0.258905)
(0.8125      1),(0.875     1):(0,0.270204)
(  1 0.5),(     1 0.5625):(0,-0.745325)
(0.75 0.75),(0.8125 0.6875):(-0,2.54556)
(  0.75 0.6875),(0.75 0.75):(-0,-0.881984)
(0.4375   0.75),(0.4375 0.8125):(-0,-0.194532)
( 0.625 0.6875),(0.6875  0.625):(-0,13.6159)
(0.4375  0.375),(  0.5 0.375):(0,0.520785)
(  0.25 0.4375),(0.3125 0.4375):(-0,0.224655)
(0.8125   0.75),(0.8125 0.8125):(-0,-0.427001)
( 0.625 0.6875),(0.6875 0.6875):(-0,-0.201848)
(0.625   0.5),(0.6875    0.5):(0,-3.5209e-06)
(   0.5 0.6875),(0.5625 0.6875):(0,-2.07585)
(0.4375  0.625),(   0.5 0.5625):(-0,1.85244)
(   0.5 0.4375),(0.5625    0.5):(-0,0.714056)
(0.8 0.2),( 0.8 0.25):(-0,4.0115e-07)
(0.5625 0.4375),(   0.6 0.4375):(-0,0.40337)
(0.8125    0.5),(0.875   0.5):(0,-0.774955)
(0.9375  0.875),(0.9375 0.9375):(0,-0.196783)
(0.5625  0.875),( 0.625 0.8125):(-0,-1.82093)
( 0.625 0.9375),(0.625     1):(0,0.143298)
(0.6875   0.75),(0.75 0.75):(-0,2.42184)
(    0 0.375),(     0 0.4375):(-0,-0.277656)
(   0 0.25),(     0 0.3125):(-0,-0.199606)
(0.8125  0.125),(0.875 0.125):(-0,-0.0285211)
(0.8125 0.4375),(   0.8 0.4375):(0,0.109608)
(     1 0.4375),(  1 0.5):(0,-0.532245)
(0.9375   0.25),(   1 0.25):(0,-0.0299687)
(0.6875 0.4375),(0.75  0.5):(0,5.8257e-13)
(0.4375   0.25),( 0.5 0.25):(0,0.395417)
(  0.5 0.875),(   0.5 0.9375):(0,0.040525)
(    1 0.125),(     1 0.1875):(0,-0.0303399)
(0.1875 0.3125),(  0.25 0.3125):(0,0.170396)
(0.3125 0.0625),(0.375     0):(0,0.230965)
(0.3125 0.6875),(0.375  0.75):(0,1.94398e-13)
(0.9375 0.1875),(     1 0.1875):(-0,-0.0190451)
(0.8125 0.6875),(0.8125   0.75):(-0,-1.11136)
(0.0625  0.875),(0.125 0.875):(-0,-0.0210894)
(0.3125   0.75),(0.3125    0.8):(0,5.58655e-09)
(0.9375  0.875),(     1 0.9375):(0,-0.124015)
(0.125  0.25),( 0.125 0.3125):(-0,-0.203431)
( 0.5 0.75),(0.5625   0.75):(0,-2.09056)
(0.6875  0.125),(  0.75 0.1875):(-0,0.137148)
(     0 0.8125),(0.0625 0.8125):(0,0.00476336)
(0.5625 0.8125),( 0.625 0.8125):(0,-1.29782)
( 0.625 0.4375),(0.6875    0.5):(0,3.33274e-13)
( 0.625 0.3125),(0.6875  0.375):(0,-7.50533e-14)
( 0.625 0.4375),(0.6875  0.375):(0,1.30382e-13)
( 0.75 0.375),(   0.8 0.3125):(0,-1.84843e-07)
(0.5625 0.3125),(0.5625  0.375):(0,-0.0425057)
(  0.25 0.9375),(0.3125 0.9375):(0,-0.218722)
(0.8 0.2),(0.75  0.2):(0,1.26438e-07)
(0.875     0),(0.9375 0.0625):(0,-0.00413012)
(0.6875   0.25),(0.6875    0.2):(0,3.14283e-07)
(0.125 0.875),(0.1875 0.9375):(0,-0.135023)
(0.8125 0.9375),(0.8125      1):(-0,-0.00150051)
(  0.75 0.0625),(0.8125      0):(-0,0.0115989)
(1 0),(     1 0.0625):(-0,-0.00238882)
(  0.75 0.0625),(0.8125  0.125):(-0,0.0622649)
(0.1875 0.9375),(0.1875      1):(0,-0.0304652)
(0.375 0.625),( 0.375 0.6875):(0,-3.3832e-06)
(0.4375 0.3125),( 0.5 0.25):(-0,0.522621)
(0.75  0.5),(   0.8 0.4375):(0,3.10293e-07)
( 0.625 0.4375),(   0.6 0.4375):(0,5.74418e-07)
(  0.4 0.625),(   0.4 0.6875):(-0,-2.50951e-05)
( 0.6 0.25),(   0.6 0.3125):(-0,7.55247e-06)
(0.0625 0.0625),(0.0625  0.125):(0,-0.0653739)
( 0.375 0.4375),(0.375   0.5):(0,-0.491285)
(0.4375  0.125),(  0.5 0.125):(0,0.28653)
(     0 0.0625),(    0 0.125):(0,-0.0656656)
(0.25 0.75),(0.25  0.8):(0,5.752e-07)
(   0.5 0.0625),(  0.5 0.125):(-0,0.0256837)
( 0.875 0.3125),(0.875 0.375):(-0,-0.131699)
(0.6875    0.5),(0.6875 0.5625):(0,2.53792)
( 0.625 0.4375),(  0.6 0.375):(0,-5.62083e-06)
(0.4375 0.5625),(0.5 0.5):(0,1.45734)
(0.1875 0.8125),(0.25  0.8):(-0,0.0261514)
(  0.25 0.0625),(0.3125 0.0625):(-0,0.188379)
( 0.875 0.9375),(0.9375      1):(0,0.147785)
(0.1875 0.6875),(0.25 0.75):(0,-1.43623e-14)
(   0.5 0.1875),(0.5625   0.25):(-0,0.424692)
(0.4375      0),(0.5   0):(-0,0.240013)
(0.5625 0.8125),(0.5625  0.875):(0,0.523111)
(0.0625 0.4375),(0.125   0.5):(0,-0.304896)
(0.1875 0.0625),(0.25    0):(0,0.168559)
(0.6875  0.125),(  0.75 0.0625):(-0,-0.0153368)
(0.5 0.5),(0.5625    0.5):(0,0.985696)
(     0 0.1875),(   0 0.25):(-0,-0.155037)
(0.125  0.75),(   0.1 0.6875):(0,-8.63647e-08)
(0.5625   0.25),( 0.6 0.25):(0,0.288896)
(  0.25 0.8125),(0.3125    0.8):(0,0.0412563)
(0.8125 0.6875),(0.875 0.625):(0,1.94072)
(0.5625 0.3125),( 0.6 0.25):(0,0.309918)
(0.8125  0.375),(   0.8 0.3125):(-0,0.0624294)
(     1 0.0625),(    1 0.125):(-0,-0.0107832)
(0.875     0),(0.9375      0):(-0,-0.00354969)
(0.8125 0.3125),(   0.8 0.3125):(0,0.0392529)
( 0.625 0.6875),(0.625  0.75):(0,0.195142)
(0.4375 0.8125),(   0.5 0.8125):(-0,-1.26188)
(0.0625  0.625),(0.1 0.6):(-0,-0.0870614)
(0.0625 0.3125),( 0.125 0.3125):(0,0.0652339)
( 0.75 0.625),(0.8125 0.5625):(-0,0.711353)
( 0.875 0.1875),(0.875  0.25):(0,-0.027064)
(0.6875 0.6875),(0.6875   0.75):(0,2.15292)
(0.625     0),( 0.625 0.0625):(0,0.0290779)
(0.9375 0.3125),(    1 0.375):(0,-0.262998)
(0.6875 0.0625),(0.6875  0.125):(0,0.0778326)
(0.8125 0.6875),( 0.875 0.6875):(-0,0.606136)
(0.9375 0.1875),(0.9375   0.25):(0,-0.0575066)
(0.6875 0.3125),(  0.75 0.3125):(0,8.18015e-10)
(0.75 0.25),( 0.8 0.25):(0,1.81149e-07)
(0.4375    0.5),(   0.5 0.4375):(-0,1.05652)
(0.5625   0.25),(0.5625 0.3125):(0,-0.0210211)
(0.625 0.125),(0.6875 0.0625):(-0,0.0171836)
( 0.625 0.3125),( 0.6 0.25):(0,-3.31303e-06)
(0.8125  0.625),(0.8125 0.6875):(0,-2.1688)
(0.125 0.125),( 0.125 0.1875):(0,-0.10875)
(0.75 0.25),(   0.8 0.3125):(0,1.09062e-07)
(0.0625 0.5625),(0.1 0.6):(0,-0.30997)
(  0.5 0.125),(0.5625  0.125):(0,0.282052)
( 0.375 0.6875),( 0.4 0.75):(0,-8.26419e-06)
( 0.75 0.375),(  0.75 0.4375):(0,1.44316e-07)
(0.6875 0.4375),( 0.75 0.375):(0,1.3938e-14)
(0.1875 0.1875),(0.25 0.25):(-0,0.0146879)
(0.3125 0.9375),(0.3125      1):(-0,-0.06186)
(0.625  0.75),(0.6875   0.75):(0,1.75593)
(0.6875 0.4375),(  0.75 0.4375):(0,1.97842e-08)
(0.6875  0.125),(0.6875 0.1875):(0,0.130664)
( 0.625 0.0625),(0.6875 0.0625):(0,0.115142)
(0.5625 0.0625),(0.5625  0.125):(-0,0.0729791)
(0.6875 0.5625),( 0.75 0.625):(-0,-4.53258)
(0.1 0.6),(0.125   0.6):(0,-1.85931e-06)
( 0.125 0.0625),(0.1875  0.125):(-0,0.0468974)
(0.5625      1),(0.625     1):(-0,-0.373248)
(0.3125 0.1875),(0.375 0.125):(0,0.32194)
(0.125  0.75),(0.1875   0.75):(0,8.91185e-08)
(0.6875      0),(0.6875 0.0625):(0,0.0251862)
(0.8125 0.5625),(0.875 0.625):(0,-1.78221)
(  0.25 0.5625),(0.1875    0.6):(0,-0.315049)
(   0 0.75),(0.0625   0.75):(-0,-0.0038981)
( 0.375 0.0625),(0.4375 0.0625):(0,0.243794)
(0.3125 0.3125),(0.3125  0.375):(0,-0.263451)
(0.0625 0.4375),(0.125 0.375):(-0,0.342164)
(0.375  0.75),( 0.4 0.75):(0,-1.67781e-06)
(0.125     0),( 0.125 0.0625):(0,-0.0212518)
(0.4375      1),(0.5   1):(-0,-0.588404)
(0.125 0.625),(0.1875  0.625):(0,-4.97777e-07)
(0.1875 0.4375),(0.1875    0.5):(-0,-0.37891)
(0.1875 0.8125),(0.1875    0.8):(-0,0.02615)
(0.0625 0.5625),( 0.125 0.5625):(0,-0.0510717)
(0.375     1),(0.4375      1):(-0,-0.502148)
(  0.5 0.625),(0.5625  0.625):(-0,1.22228)
(0.3125  0.375),(0.3125 0.4375):(0,-0.352534)
(0.6875   0.75),(0.6875 0.8125):(-0,1.48701)
(0.0625 0.6875),( 0.1 0.75):(0,-0.0292521)
(0.0625      1),( 0.125 0.9375):(-0,-0.0228532)
(     0 0.0625),(0.0625 0.0625):(-0,0.0219289)
(0.1 0.8),(0.125   0.8):(0,2.3192e-07)
(0.3125 0.4375),(0.375   0.5):(-0,-0.155756)
(0.6875  0.625),( 0.75 0.625):(0,-3.68586)
(  0.75 0.8125),( 0.75 0.875):(-0,0.244598)
(0.5625 0.9375),( 0.625 0.9375):(0,-0.426464)
(0.4375   0.75),( 0.4 0.75):(0,0.720958)
(0.875   0.5),( 0.875 0.5625):(0,-0.852866)
(0.9375   0.25),(0.9375 0.3125):(-0,-0.113459)
(0.4375 0.3125),(   0.5 0.3125):(-0,0.449074)
(0.4375    0.5),(0.4375 0.5625):(0,-0.672459)
( 0.25 0.875),(0.3125 0.9375):(-0,-0.349765)
(0.25    0),(  0.25 0.0625):(-0,-0.0184574)
( 0.5 0.25),(   0.5 0.3125):(0,-0.073547)
( 0.875 0.3125),(0.9375 0.3125):(0,-0.128459)
( 0.25 0.375),(0.3125 0.4375):(0,-0.114888)
(0.1875 0.5625),(0.1875    0.6):(-0,-0.272356)
(0.375 0.875),(0.4375  0.875):(0,-0.619714)
( 0.625 0.1875),(0.6875 0.1875):(0,0.0137354)
(0.3125      0),(0.375     0):(0,0.215704)
(0.6875 0.1875),(0.6875    0.2):(-0,0.0270029)
(0.9375 0.4375),(     1 0.4375):(0,-0.0911054)
(0.8125   0.25),(0.8 0.2):(0,0.0277877)
(0.125 0.875),(0.1875  0.875):(0,-0.0482961)
(0.6875  0.875),(  0.75 0.9375):(0,0.626822)
(0.4375    0.5),(0.5 0.5):(0,0.784885)
( 0.875 0.8125),(0.9375  0.875):(0,-0.0402448)
(0.9375  0.375),(    1 0.375):(-0,-0.0659567)
( 0.875 0.9375),(0.875     1):(-0,-0.0408065)
(  0.75 0.0625),(0.8125 0.0625):(-0,0.0239948)
(  0.5 0.625),(   0.5 0.6875):(-0,-2.04827)
( 0.25 0.625),(0.3125 0.6875):(0,1.20616e-13)
(     0 0.4375),(  0 0.5):(-0,-0.299666)
(  0.25 0.8125),( 0.25 0.875):(-0,-0.199403)
(0.4375 0.4375),(0.4375    0.5):(-0,-0.430968)
(0.3125    0.5),(0.375   0.5):(0,0.307651)
(0.625   0.5),( 0.625 0.5625):(0,4.68748)
(0.4 0.8),( 0.4 0.75):(-0,1.69088e-05)
(0.4375 0.0625),(0.4375  0.125):(-0,-0.00957289)
(0.9375 0.5625),(  1 0.5):(-0,0.66469)
( 0.375 0.8125),(0.375 0.875):(-0,-0.578737)
( 0.25 0.875),(0.3125  0.875):(-0,-0.156398)
( 0.5 0.25),(0.5625 0.3125):(-0,0.425807)
( 0.375 0.9375),(0.4375  0.875):(0,-0.368404)
( 0.25 0.375),(0.3125  0.375):(0,0.237646)
(0.9375 0.6875),(   1 0.75):(-0,-0.744798)
(0.5625 0.6875),(0.625  0.75):(0,-4.40527)
(0.8125  0.875),(0.875 0.875):(-0,0.426199)
(0.125 0.625),( 0.125 0.6875):(0,5.40519e-08)
(0.4375 0.9375),(0.4375      1):(-0,-0.043128)
(0.875 0.375),(0.9375 0.3125):(-0,0.00324043)
(0.25 0.75),(0.3125    0.8):(0,2.0684e-07)
(0.5625 0.0625),(0.625     0):(0,0.154945)
(0.375 0.625),(0.4 0.6):(0,-4.49075e-12)
(0.0625 0.0625),( 0.125 0.0625):(0,0.0656161)
(0.375 0.625),(0.375   0.6):(0,3.86697e-07)
(   0.5 0.6875),(0.5625  0.625):(-0,3.27056)
(0.0625      1),(0.125     1):(0,-0.0437792)
(0.4375 0.5625),(   0.5 0.5625):(0,0.984892)
( 0.25 0.875),(  0.25 0.9375):(0,-0.131042)
(0.625 0.625),(0.6875  0.625):(-0,1.03678)
(0.4375   0.75),(0.4 0.8):(0,0.720941)
(0.625 0.875),( 0.625 0.9375):(0,0.504749)
(  0.25 0.6875),(0.3125 0.6875):(0,-6.23627e-21)
(0.0625   0.75),( 0.1 0.75):(-0,-0.00323368)
(0.375     0),( 0.375 0.0625):(-0,-0.010061)
(0.5625 0.5625),(0.5625  0.625):(0,-1.96858)
(   0.1 0.6875),( 0.1 0.75):(0,2.3734e-07)
(0.0625  0.125),( 0.125 0.1875):(-0,-0.0420413)
(0.4375 0.1875),(0.4375   0.25):(0,-0.07193)
(0.375  0.25),(0.4375 0.3125):(-0,0.212939)
(0.25  0.5),(0.3125    0.5):(-0,0.180049)
(0.4375 0.6875),(  0.4 0.625):(0,0.368605)
(0.25  0.8),(0.3125    0.8):(-0,2.45206e-06)
(0.5625  0.875),(0.625 0.875):(0,-0.641596)
(0.0625  0.125),(0.125 0.125):(-0,0.066709)
( 0.625 0.5625),(0.6875  0.625):(0,-2.99629)
(0.8125 0.8125),(0.8125  0.875):(0,-0.127851)
(0.5625 0.5625),( 0.625 0.5625):(0,4.6968)
(0.5625 0.4375),(  0.6 0.375):(-0,0.403357)
( 0.75 0.625),(  0.75 0.6875):(-0,-4.67515)
(0.1875      0),(0.25    0):(0,0.148268)
(0.875 0.125),(0.9375 0.1875):(0,-0.0467223)
( 0.625 0.1875),(0.625   0.2):(-0,0.0407396)
(0.375 0.625),(  0.4 0.625):(0,2.14509e-06)
(     0 0.5625),(0.0625  0.625):(0,-0.264895)
(0.875  0.75),(0.9375 0.6875):(0,1.20687)
(0.125 0.625),(0.1 0.6):(0,-2.01061e-13)
(0.125   0.5),(0.1875 0.4375):(-0,0.432794)
(  0.25 0.5625),(0.3125 0.5625):(0,0.0823815)
(0.1875   0.75),(0.25  0.8):(0,7.67449e-08)
(0.9375    0.5),(     1 0.4375):(-0,0.425704)
(0.375 0.875),( 0.375 0.9375):(0,-0.25131)
( 0.875 0.8125),(0.875 0.875):(0,-0.304046)
(0.1875 0.5625),(  0.25 0.5625):(-0,0.0426938)
(0.875 0.375),( 0.875 0.4375):(-0,-0.235658)
(0.6875 0.5625),(0.6875  0.625):(0,-0.846725)
(0.5625 0.1875),(0.6 0.2):(-0,0.315661)
(  0.75 0.5625),( 0.75 0.625):(-0,-1.83206)
(    0 0.375),(0.0625  0.375):(0,0.0179347)
(  0.25 0.3125),(0.3125 0.3125):(-0,0.234377)
(0.8125  0.875),(0.8125 0.9375):(-0,-0.0249607)
(0.375     0),(0.4375 0.0625):(0,0.233733)
(0.1875 0.4375),(  0.25 0.4375):(0,0.145398)
(0.625     0),(0.6875 0.0625):(0,0.14422)
(0.9375 0.6875),(    1 0.625):(-0,1.00668)
( 0.625 0.5625),(0.6 0.5):(0,-4.68749)
(0.1875  0.375),( 0.25 0.375):(-0,0.164823)
(     0 0.8125),(    0 0.875):(-0,-0.0471733)
(  0.75 0.1875),(0.8125  0.125):(-0,-0.0902199)
(0.0625    0.5),( 0.125 0.5625):(0,-0.380121)
(0.4375   0.75),(   0.5 0.8125):(0,-1.45642)
(   0.5 0.6875),( 0.5 0.75):(0,-0.839325)
(0.625  0.75),(0.6875 0.6875):(-0,-0.396991)
(0.8125 0.3125),(0.875 0.375):(-0,-0.320936)
(0.875 0.875),(0.9375  0.875):(-0,0.263802)
(0.9375      0),(0.9375 0.0625):(-0,-0.000580434)
( 0.375 0.1875),(0.375  0.25):(0,-0.109449)
(0.5625   0.25),(0.6 0.2):(-0,0.288889)
(0.1875 0.6875),( 0.25 0.625):(0,7.21917e-14)
(0.0625    0.5),(0.125   0.5):(-0,0.00997582)
(0.3125  0.875),(0.3125 0.9375):(-0,-0.193367)
( 0.625 0.9375),(0.6875  0.875):(-0,-0.471763)
(0.1875 0.4375),( 0.25 0.375):(0,0.484941)
(0.4375 0.5625),(0.4 0.6):(0,-1.16707)
(0.375   0.5),(0.4375    0.5):(-0,0.543394)
(0.375 0.625),(0.3125    0.6):(0,5.35312e-06)
(0.375   0.5),(0.4375 0.4375):(-0,0.974363)

